"ano","mes","taxa_selic_diaria_media","taxa_venda_media_ipca"
2021,1,0.0075,3.31
2021,2,0.0075,3.38
2021,3,0.0087,3.78
2021,4,0.0104,4.01
2021,5,0.0129,4.00
2021,6,0.0146,4.00
2021,7,0.0161,4.09
2021,8,0.0194,4.60
2021,9,0.0210,4.77
2021,10,0.0242,5.18
2021,11,0.0293,5.39
2021,12,0.0332,5.23
2022,1,0.0347,5.64
2022,2,0.0396,5.67
2022,3,0.0420,5.77
2022,4,0.0437,5.61
2022,5,0.0468,5.78
2022,6,0.0481,5.86
2022,7,0.0490,6.37
2022,8,0.0506,6.06
2022,9,0.0508,6.06
2022,10,0.0508,5.92
2022,11,0.0508,6.19
2022,12,0.0508,6.42
2023,1,0.0508,6.40
2023,2,0.0508,6.39
2023,3,0.0508,6.28
2023,4,0.0508,6.11
2023,5,0.0508,6.00
2023,6,0.0508,5.88
2023,7,0.0508,5.69
2023,8,0.0492,5.52
2023,9,0.0484,5.76
2023,10,0.0473,6.06
2023,11,0.0456,5.97
2023,12,0.0446,5.77
2024,1,0.0437,5.72
2024,2,0.0420,5.86
2024,3,0.0414,6.12
2024,4,0.0402,6.33
2024,5,0.0395,6.63
2024,6,0.0393,6.83
2024,7,0.0393,6.64
2024,8,0.0393,6.28
2024,9,0.0396,6.46
2024,10,0.0402,6.72
2024,11,0.0416,6.91
2024,12,0.0440,7.38
2025,1,0.0458,7.73
2025,2,0.0490,7.62
2025,3,0.0505,7.79
2025,4,0.0525,7.81
2025,5,0.0539,7.57
2025,6,0.0546,7.63
2025,7,0.0551,7.74
2025,8,0.0551,7.80
2025,9,0.0551,7.78
2025,10,0.0551,7.92
2025,11,0.0551,7.74
2025,12,0.0551,7.76
