"ano","mes","taxa_selic_diaria_media","pu_medio_prefixado"
2021,1,0.0075,1006.78
2021,2,0.0075,984.99
2021,3,0.0087,951.93
2021,4,0.0104,943.08
2021,5,0.0129,947.04
2021,6,0.0146,956.13
2021,7,0.0161,933.74
2021,8,0.0194,912.62
2021,9,0.0210,902.51
2021,10,0.0242,892.23
2021,11,0.0293,879.03
2021,12,0.0332,911.62
2022,1,0.0347,869.43
2022,2,0.0396,866.85
2022,3,0.0420,834.34
2022,4,0.0437,845.07
2022,5,0.0468,839.04
2022,6,0.0481,839.55
2022,7,0.0490,810.65
2022,8,0.0506,843.41
2022,9,0.0508,859.32
2022,10,0.0508,869.49
2022,11,0.0508,853.12
2022,12,0.0508,857.26
2023,1,0.0508,810.27
2023,2,0.0508,810.27
2023,3,0.0508,825.56
2023,4,0.0508,850.28
2023,5,0.0508,871.52
2023,6,0.0508,899.28
2023,7,0.0508,890.07
2023,8,0.0492,895.98
2023,9,0.0484,895.92
2023,10,0.0473,892.40
2023,11,0.0456,912.70
2023,12,0.0446,934.00
2024,1,0.0437,917.10
2024,2,0.0420,879.20
2024,3,0.0414,880.95
2024,4,0.0402,873.92
2024,5,0.0395,875.02
2024,6,0.0393,873.18
2024,7,0.0393,841.83
2024,8,0.0393,856.83
2024,9,0.0396,855.43
2024,10,0.0402,851.08
2024,11,0.0416,849.18
2024,12,0.0440,827.69
2025,1,0.0458,753.07
2025,2,0.0490,727.31
2025,3,0.0505,734.00
2025,4,0.0525,749.54
2025,5,0.0539,770.58
2025,6,0.0546,779.86
2025,7,0.0551,767.24
2025,8,0.0551,777.33
2025,9,0.0551,788.46
2025,10,0.0551,796.22
2025,11,0.0551,810.37
2025,12,0.0551,816.92
